162100,0.0079,-0.0079,0.99,-1.00,-36.56,-3
162200,0.0079,-0.0157,0.99,-1.00,-48.14,-22
162300,0.0157,-0.0157,0.99,-1.00,-60.39,-34
162400,0.0157,-0.0079,0.99,-1.00,-72.46,-44
162500,0.0157,-0.0157,0.99,-1.00,-84.71,-53
162600,0.0157,-0.0157,0.99,-1.00,-96.78,-64
162700,0.0157,-0.0157,0.99,-1.00,-108.86,-73
162800,0.0157,-0.0079,0.99,-1.00,-120.94,-84
162900,0.0157,-0.0157,0.99,-1.00,-132.85,-95
163000,0.0157,-0.0157,0.99,-1.00,-145.42,-108
163100,0.0079,-0.0157,0.99,-1.00,-157.50,-121
163200,0.0157,-0.0157,0.99,-1.00,-169.91,-135
163300,0.0236,0.0000,0.99,-1.00,-181.32,-151
163400,0.0236,0.0236,0.97,-1.00,-183.64,-172
163500,0.0236,0.0236,0.95,-0.99,-183.80,-162
163600,0.0236,0.0236,0.92,-0.99,-183.64,-162
163700,0.0236,0.0236,0.90,-0.99,-182.98,-165
163800,0.0157,0.0157,0.88,-0.99,-182.98,-161
163900,0.0314,0.0157,0.86,-0.99,-183.80,-168
164000,0.0236,0.0157,0.84,-0.99,-184.30,-162
164100,0.0236,0.0236,0.81,-0.99,-185.13,-172
164200,0.0157,0.0157,0.79,-0.98,-184.96,-162
164300,0.0236,0.0236,0.77,-0.98,-184.63,-164
164400,0.0157,0.0236,0.75,-0.98,-184.30,-162
164500,0.0157,0.0157,0.73,-0.98,-183.31,-162
164600,0.0157,0.0236,0.71,-0.98,-181.82,-159
164700,0.0157,0.0236,0.69,-0.98,-180.33,-156
164800,0.0157,0.0157,0.67,-0.98,-179.34,-156
164900,0.0157,0.0157,0.65,-0.98,-179.34,-155
165000,0.0157,0.0157,0.64,-0.98,-178.18,-154
165100,0.0079,0.0079,0.62,-0.98,-177.52,-163
165200,0.0236,0.0157,0.61,-0.98,-178.35,-153
165300,0.0157,0.0157,0.59,-0.98,-179.17,-158
165400,0.0157,0.0157,0.58,-0.98,-180.33,-168
165500,0.0157,0.0157,0.56,-0.98,-181.82,-158
165600,0.0236,0.0157,0.54,-0.98,-182.98,-170
165700,0.0157,0.0157,0.52,-0.98,-181.82,-158
165800,0.0236,0.0157,0.51,-0.98,-181.99,-159
165900,0.0079,0.0079,0.50,-0.98,-181.82,-159
166000,0.0079,0.0079,0.48,-0.98,-181.65,-158
166100,0.0236,0.0157,0.46,-0.98,-180.66,-156
166200,0.0079,0.0157,0.45,-0.98,-179.83,-156
166300,0.0236,0.0236,0.43,-0.98,-179.01,-155
166400,0.0157,0.0236,0.42,-0.98,-177.68,-162
166500,0.0079,0.0157,0.40,-0.98,-177.02,-153
166600,0.0157,0.0157,0.38,-0.98,-176.69,-151
166700,0.0079,0.0079,0.37,-0.98,-175.86,-151
166800,0.0079,0.0079,0.36,-0.98,-176.36,-150
166900,0.0079,0.0157,0.35,-0.98,-177.02,-154
167000,0.0079,0.0000,0.34,-0.98,-178.01,-154
167100,0.0157,0.0079,0.33,-0.98,-178.01,-153
167200,0.0079,0.0079,0.33,-0.98,-178.18,-154
167300,0.0157,0.0157,0.31,-0.98,-178.51,-153
167400,0.0079,0.0079,0.30,-0.98,-178.68,-155
167500,0.0079,0.0157,0.29,-0.98,-178.51,-153
167600,0.0079,0.0079,0.29,-0.98,-178.35,-169
167700,0.0079,0.0079,0.27,-0.98,-178.01,-152
167800,0.0079,0.0157,0.27,-0.98,-177.52,-152
167900,0.0000,0.0079,0.26,-0.98,-177.35,-162
168000,0.0079,0.0079,0.25,-0.98,-177.52,-151
168100,0.0079,0.0079,0.24,-0.98,-177.68,-151
168200,0.0079,0.0079,0.23,-0.98,-177.02,-152
168300,0.0079,0.0079,0.23,-0.98,-176.19,-150
168400,0.0079,0.0079,0.22,-0.98,-175.53,-149
168500,0.0157,0.0079,0.21,-0.99,-175.37,-148
168600,0.0000,0.0000,0.21,-0.99,-175.04,-148
168700,0.0157,0.0157,0.20,-0.99,-174.37,-174
168800,0.0079,0.0157,0.19,-0.99,-173.55,-147
168900,0.0157,0.0079,0.18,-0.99,-174.21,-154
169000,0.0079,0.0079,0.17,-0.99,-175.70,-149
169100,0.0079,0.0000,0.17,-0.99,-177.85,-150
169200,0.0157,0.0079,0.16,-0.99,-179.83,-153
169300,0.0079,0.0079,0.16,-0.99,-181.82,-158
169400,0.0157,0.0079,0.15,-0.99,-182.65,-165
169500,0.0079,0.0079,0.14,-0.99,-181.32,-156
169600,0.0079,0.0079,0.13,-0.99,-180.83,-157
169700,0.0157,0.0157,0.12,-0.99,-180.83,-155
169800,0.0079,0.0000,0.11,-0.99,-180.00,-153
169900,0.0157,0.0157,0.10,-0.99,-179.01,-171
170000,0.0079,0.0079,0.10,-0.99,-178.01,-151
170100,0.0079,0.0079,0.09,-0.99,-177.85,-149
170200,0.0079,0.0079,0.08,-0.99,-176.36,-166
170300,0.0000,0.0079,0.07,-0.99,-175.37,-147
170500,0.0079,0.0079,0.06,-0.99,-173.05,-143
170600,0.0000,0.0079,0.06,-0.99,-172.22,-145
170700,0.0000,0.0000,0.05,-0.99,-171.56,-140
170800,0.0079,0.0079,0.05,-0.99,-171.40,-144
170900,0.0079,0.0079,0.05,-0.99,-171.40,-141
171000,0.0079,0.0000,0.04,-0.99,-172.89,-143
171100,0.0079,0.0079,0.04,-0.99,-172.89,-144
171200,0.0079,0.0079,0.03,-1.00,-172.06,-140
171300,0.0079,0.0000,0.03,-1.00,-171.56,-142
171400,0.0079,0.0000,0.02,-1.00,-171.89,-141
171500,0.0079,0.0079,0.02,-1.00,-172.06,-142
171600,0.0000,0.0000,0.02,-1.00,-171.73,-142
171700,0.0000,0.0000,0.02,-1.00,-171.07,-142
171800,0.0000,0.0000,0.01,-1.00,-171.40,-140
171900,0.0000,0.0000,0.01,-1.00,-172.06,-140
172000,0.0000,0.0000,0.01,-1.00,-172.55,-141
172100,0.0000,0.0000,0.01,-1.00,-172.22,-143
172200,0.0000,0.0000,0.01,-1.00,-171.73,-144
172300,0.0000,0.0000,0.01,-1.00,-171.89,-140
172400,0.0000,0.0000,0.01,-1.00,-172.06,-139
172500,0.0000,0.0000,0.01,-1.00,-172.06,-140
172600,0.0000,0.0000,0.01,-1.00,-172.06,-139
172700,0.0000,0.0000,0.01,-1.00,-172.06,-139
172800,0.0000,0.0000,0.01,-1.00,-172.06,-139
172900,0.0000,0.0000,0.01,-1.00,-172.06,-140
173000,0.0000,0.0000,0.01,-1.00,-172.06,-140
173100,0.0000,0.0000,0.01,-1.00,-172.06,-139
173200,0.0000,0.0000,0.01,-1.00,-172.06,-140
173300,0.0000,0.0000,0.01,-1.00,-172.06,-140
173400,0.0000,0.0000,0.01,-1.00,-172.06,-139
173500,0.0000,0.0000,0.01,-1.00,-172.06,-140
173600,0.0000,0.0000,0.01,-1.00,-172.06,-139
173700,0.0000,0.0000,0.01,-1.00,-172.06,-139
173800,0.0000,0.0000,0.01,-1.00,-172.06,-139
173900,0.0000,0.0000,0.01,-1.00,-172.06,-139
