174000,0.0000,0.0000,0.01,-1.00,-172.06,-140
174100,-0.0079,0.0079,0.01,-1.00,-164.61,-142
174200,-0.0157,0.0157,0.01,-1.00,-153.03,-123
174300,-0.0157,0.0157,0.01,-1.00,-141.12,-110
174400,-0.0157,0.0157,0.01,-1.00,-129.04,-97
174500,-0.0079,0.0157,0.01,-1.00,-117.30,-89
174600,-0.0157,0.0079,0.01,-1.00,-105.22,-77
174700,-0.0157,0.0157,0.01,-1.00,-93.14,-67
174800,-0.0157,0.0157,0.01,-1.00,-81.40,-57
174900,-0.0157,0.0079,0.01,-1.00,-69.65,-48
175000,-0.0157,0.0157,0.01,-1.00,-57.90,-39
175100,-0.0157,0.0079,0.01,-1.00,-46.32,-29
175200,-0.0157,0.0079,0.01,-1.00,-34.25,-21
175300,-0.0157,0.0157,0.01,-1.00,-22.33,-12
175400,-0.0157,0.0157,0.01,-1.00,-10.59,-3
175500,-0.0157,0.0157,0.01,-1.00,-0.00,8
175600,-0.0079,0.0079,0.01,-1.00,10.42,15
175700,-0.0157,0.0079,0.01,-1.00,20.85,24
175800,-0.0079,0.0157,0.01,-1.00,31.10,30
175900,-0.0079,0.0157,0.01,-1.00,39.87,30
176000,-0.0079,0.0079,0.01,-1.00,46.99,39
176100,-0.0079,0.0000,0.01,-1.00,53.11,44
176200,-0.0079,0.0079,0.01,-1.00,58.24,49
176300,-0.0079,0.0000,0.01,-1.00,64.03,53
176400,-0.0079,0.0000,0.01,-1.00,70.31,58
176500,-0.0079,0.0000,0.01,-1.00,75.94,64
176600,0.0000,0.0079,0.01,-1.00,80.90,69
176700,0.0000,0.0079,0.01,-1.00,84.71,76
176800,0.0236,0.0236,0.01,-0.99,87.52,79
176900,0.0157,0.0236,0.01,-0.97,86.86,83
177000,0.0236,0.0236,0.01,-0.95,87.35,83
177100,0.0236,0.0236,0.01,-0.92,87.52,82
177200,0.0236,0.0236,0.01,-0.90,86.86,81
177300,0.0314,0.0314,0.01,-0.88,86.36,84
177400,0.0157,0.0157,0.01,-0.86,86.53,82
177500,0.0236,0.0236,0.02,-0.83,86.36,87
177600,0.0157,0.0157,0.02,-0.81,86.19,85
177700,0.0236,0.0236,0.02,-0.79,86.03,80
177800,0.0236,0.0157,0.02,-0.77,85.86,83
177900,0.0157,0.0157,0.02,-0.75,86.03,80
178000,0.0079,0.0157,0.02,-0.74,86.36,81
178100,0.0236,0.0236,0.02,-0.72,86.53,82
178200,0.0079,0.0236,0.02,-0.70,87.52,81
178300,0.0079,0.0157,0.03,-0.68,89.01,83
178400,0.0157,0.0157,0.03,-0.66,90.33,87
178500,0.0157,0.0157,0.03,-0.65,91.16,85
178600,0.0157,0.0079,0.03,-0.63,90.33,84
178700,0.0157,0.0079,0.03,-0.62,90.66,87
178800,0.0079,0.0079,0.02,-0.60,90.66,85
178900,0.0157,0.0079,0.02,-0.59,90.33,85
179000,0.0157,0.0157,0.02,-0.58,90.50,84
179100,0.0157,0.0079,0.02,-0.56,90.17,84
179200,0.0236,0.0236,0.02,-0.55,89.50,87
179300,0.0079,0.0079,0.02,-0.53,89.17,83
179400,0.0236,0.0157,0.03,-0.51,88.35,82
179600,0.0079,0.0157,0.03,-0.48,89.67,85
179700,0.0157,0.0157,0.03,-0.47,90.66,84
179800,0.0079,0.0157,0.03,-0.45,91.82,83
179900,0.0157,0.0157,0.02,-0.44,92.32,82
180000,0.0157,0.0079,0.02,-0.42,92.65,85
180100,0.0157,0.0157,0.02,-0.40,94.30,86
180200,0.0157,0.0157,0.02,-0.39,94.96,91
180300,0.0079,0.0079,0.02,-0.38,95.13,87
180400,0.0157,0.0157,0.02,-0.37,93.97,86
180500,0.0079,0.0000,0.02,-0.36,92.48,92
180600,0.0236,0.0079,0.02,-0.34,90.66,84
180700,0.0157,0.0079,0.02,-0.34,89.17,82
180800,0.0079,0.0079,0.02,-0.32,88.35,79
180900,0.0079,0.0157,0.02,-0.31,89.34,80
181000,0.0079,0.0079,0.02,-0.31,89.50,84
181100,0.0157,0.0079,0.02,-0.30,89.17,79
181200,0.0079,0.0079,0.02,-0.29,89.50,80
181300,0.0000,0.0079,0.02,-0.28,90.00,80
181400,0.0079,0.0079,0.02,-0.27,89.34,82
181500,0.0157,0.0157,0.02,-0.27,89.50,86
181600,0.0000,0.0079,0.02,-0.26,89.50,80
181700,0.0000,0.0079,0.02,-0.26,90.17,80
181800,0.0157,0.0157,0.02,-0.25,92.32,85
181900,0.0079,0.0157,0.02,-0.24,92.15,83
182000,0.0079,0.0157,0.02,-0.23,91.99,84
182100,0.0000,0.0000,0.02,-0.22,92.15,91
182200,0.0157,0.0079,0.02,-0.21,92.98,84
182300,0.0079,0.0079,0.02,-0.20,92.65,82
182400,0.0079,0.0079,0.02,-0.19,91.82,81
182500,0.0157,0.0157,0.02,-0.18,92.32,82
182600,0.0000,0.0000,0.02,-0.17,92.81,89
182700,0.0079,0.0079,0.02,-0.16,93.14,83
182800,0.0157,0.0079,0.02,-0.15,94.14,84
182900,0.0000,0.0079,0.01,-0.14,93.97,86
183000,0.0079,0.0079,0.01,-0.13,93.14,82
183100,0.0079,0.0079,0.01,-0.13,92.32,82
183200,0.0000,0.0079,0.01,-0.12,91.16,83
183300,0.0079,0.0000,0.01,-0.11,91.32,81
183400,0.0000,0.0079,0.01,-0.11,91.99,81
183500,0.0000,0.0000,0.01,-0.10,92.15,81
183600,0.0000,0.0000,0.01,-0.10,92.81,81
183700,0.0079,0.0079,0.01,-0.10,93.97,82
183800,0.0079,0.0000,0.01,-0.09,95.46,83
183900,0.0079,0.0079,0.01,-0.08,95.96,85
184000,0.0079,0.0079,0.01,-0.08,97.44,87
184100,0.0000,0.0079,0.01,-0.07,98.27,87
184200,0.0079,0.0000,0.01,-0.06,98.11,89
184300,0.0000,0.0079,0.01,-0.06,98.11,87
184400,0.0079,0.0079,0.01,-0.05,98.27,86
184500,0.0000,0.0079,0.01,-0.04,98.27,87
184600,0.0079,0.0000,0.01,-0.04,97.78,90
184700,0.0079,0.0079,0.00,-0.03,97.94,87
184800,0.0000,0.0000,0.00,-0.03,98.27,89
184900,0.0000,0.0000,0.00,-0.03,98.11,85
185000,0.0000,0.0000,0.00,-0.03,97.78,86
185100,0.0079,0.0079,0.00,-0.03,96.78,85
185200,0.0079,0.0079,0.00,-0.02,96.12,83
185300,0.0000,0.0079,0.00,-0.02,97.11,83
185500,0.0079,0.0000,0.00,-0.01,98.77,85
185600,0.0000,0.0079,0.00,-0.01,99.76,87
185700,0.0000,0.0000,0.00,-0.00,100.42,87
185800,0.0000,0.0000,0.00,-0.00,101.25,88
185900,0.0000,0.0079,0.00,-0.00,101.91,88
186001,0.0000,0.0000,-0.00,-0.00,102.08,88
186100,0.0000,0.0000,-0.00,-0.00,102.08,89
186200,0.0000,0.0000,-0.00,-0.00,102.08,90
186300,0.0000,0.0000,-0.00,-0.00,102.08,89
186400,0.0000,0.0000,-0.00,-0.00,102.08,88
186500,0.0000,0.0000,-0.00,-0.00,102.08,89
186600,0.0000,0.0000,-0.00,-0.00,102.08,89
186700,0.0000,0.0000,-0.00,-0.00,102.08,89
186800,0.0000,0.0000,-0.00,-0.00,102.08,89
186900,0.0000,0.0000,-0.00,-0.00,102.08,89
187000,0.0000,0.0000,-0.00,-0.00,102.08,89
187100,0.0000,0.0000,-0.00,-0.00,102.08,90
187200,0.0000,0.0000,-0.00,-0.00,102.08,89
187300,0.0000,0.0000,-0.00,-0.00,102.08,89
187400,0.0000,0.0000,-0.00,-0.00,102.08,89
187500,0.0000,0.0000,-0.00,-0.00,102.08,89
187600,0.0000,0.0000,-0.00,-0.00,102.08,89
187700,0.0000,0.0000,-0.00,-0.00,102.08,90
187800,0.0000,0.0000,-0.00,-0.00,102.08,88
187900,0.0000,0.0000,-0.00,-0.00,102.08,90
188000,0.0000,0.0000,-0.00,-0.00,102.08,89
188100,0.0000,0.0000,-0.00,-0.00,102.08,89
188200,0.0000,0.0000,-0.00,-0.00,102.08,89
