442600,-0.023,0.021,0.01,-1.00,-165.30,-132
442700,-0.023,0.021,0.01,-1.00,-156.50,-128
442800,-0.023,0.027,0.01,-1.00,-147.30,-120
442900,-0.018,0.021,0.01,-1.00,-138.71,-113
443000,-0.023,0.027,0.01,-1.00,-129.79,-105
443100,-0.012,0.021,0.01,-1.00,-121.28,-98
443200,-0.023,0.021,0.01,-1.00,-112.80,-91
443300,-0.018,0.021,0.01,-1.00,-104.74,-85
443400,-0.029,0.027,0.01,-1.00,-97.12,-79
443500,-0.029,0.027,0.01,-1.01,-87.25,-72
443600,-0.029,0.021,0.01,-1.00,-77.09,-62
443700,-0.029,0.027,0.01,-1.00,-67.63,-56
443800,-0.029,0.027,0.01,-1.01,-58.03,-49
443900,-0.029,0.027,0.01,-1.01,-48.41,-42
444000,-0.018,0.027,0.01,-1.01,-39.01,-34
444100,-0.029,0.021,0.01,-1.01,-29.79,-25
444200,-0.029,0.027,0.01,-1.01,-20.39,-21
444300,-0.023,0.021,0.01,-1.01,-11.25,-13
444400,-0.018,0.021,0.01,-1.01,-2.66,-6
444500,-0.023,0.021,0.00,-1.01,5.39,0
444600,-0.012,0.016,0.00,-1.01,12.96,7
444700,-0.023,0.016,0.00,-1.01,19.40,12
444800,-0.012,0.011,0.00,-1.01,25.42,17
444900,-0.012,0.016,0.00,-1.01,31.11,27
445000,-0.018,0.011,-0.00,-1.01,37.32,31
445100,-0.012,0.011,-0.00,-1.01,42.47,32
445200,-0.012,0.011,-0.00,-1.01,47.33,35
445300,-0.012,0.005,-0.00,-1.01,51.79,39
445400,-0.012,0.011,-0.00,-1.01,55.52,43
445500,-0.006,0.011,-0.00,-1.01,59.40,46
445600,-0.006,0.011,-0.00,-1.01,62.00,49
445700,0.000,0.011,-0.00,-1.01,64.33,51
445800,-0.006,0.005,-0.00,-1.01,66.61,54
445900,-0.012,0.000,-0.00,-1.01,69.46,55
446000,-0.006,0.005,-0.01,-1.01,71.49,57
446100,-0.006,0.011,-0.01,-1.01,74.52,60
446200,-0.006,0.011,-0.01,-1.01,76.94,63
446300,0.006,0.011,-0.01,-1.01,78.74,65
446400,0.000,0.005,-0.01,-1.01,80.69,67
446500,-0.006,0.005,-0.01,-1.01,82.01,69
446600,-0.006,0.005,-0.01,-1.01,83.41,70
446700,0.012,0.016,-0.00,-1.01,84.54,71
446800,0.023,0.032,-0.00,-0.99,85.14,72
446900,0.029,0.032,-0.00,-0.96,85.85,73
447000,0.035,0.027,0.00,-0.93,85.48,74
447100,0.029,0.032,0.00,-0.90,85.88,74
447200,0.029,0.032,0.01,-0.87,86.25,74
447300,0.023,0.027,0.01,-0.85,86.33,75
447400,0.023,0.021,0.01,-0.82,86.70,75
447500,0.029,0.027,0.01,-0.80,87.17,74
447600,0.023,0.021,0.01,-0.77,87.34,75
447700,0.023,0.021,0.01,-0.75,87.71,76
447800,0.018,0.021,0.01,-0.73,88.65,75
447900,0.023,0.016,0.01,-0.71,88.70,77
448000,0.012,0.016,0.01,-0.69,89.00,76
448100,0.018,0.021,0.01,-0.67,89.06,77
448200,0.029,0.016,0.01,-0.65,88.78,77
448300,0.023,0.016,0.01,-0.63,88.37,76
448400,0.029,0.027,0.02,-0.61,88.59,76
448500,0.023,0.021,0.02,-0.59,88.67,76
448600,0.018,0.021,0.02,-0.56,88.78,76
448700,0.023,0.021,0.02,-0.55,89.41,78
448800,0.023,0.016,0.02,-0.53,89.88,75
448900,0.006,0.016,0.02,-0.51,90.02,76
449000,0.018,0.016,0.02,-0.50,89.75,76
449100,0.018,0.016,0.02,-0.48,89.49,76
449200,0.012,0.011,0.02,-0.47,89.54,76
449300,0.012,0.011,0.02,-0.46,89.74,75
449400,0.023,0.021,0.02,-0.44,89.89,76
449500,0.012,0.021,0.02,-0.43,89.99,75
449600,0.012,0.011,0.02,-0.41,90.20,74
449700,0.018,0.016,0.02,-0.40,90.39,73
449800,0.006,0.011,0.02,-0.38,90.08,76
449900,0.018,0.016,0.02,-0.37,90.03,74
450000,0.012,0.016,0.02,-0.35,90.11,75
450100,0.012,0.011,0.02,-0.34,90.47,75
450200,0.012,0.011,0.02,-0.33,90.44,76
450300,0.006,0.011,0.02,-0.32,90.00,74
450400,0.012,0.005,0.02,-0.31,89.45,74
450500,0.012,0.011,0.02,-0.30,89.28,74
450600,0.018,0.011,0.02,-0.29,88.86,73
450700,0.012,0.011,0.02,-0.28,88.71,73
450800,0.012,0.011,0.02,-0.27,88.54,71
450900,0.012,0.011,0.02,-0.26,88.82,72
451000,0.006,0.011,0.02,-0.25,89.23,72
451100,0.006,0.011,0.02,-0.24,89.71,73
451200,0.006,0.011,0.02,-0.23,90.25,73
451300,0.012,0.005,0.02,-0.22,90.63,73
451400,0.012,0.011,0.02,-0.21,90.67,73
451500,0.006,0.011,0.02,-0.20,91.22,74
451600,0.006,0.011,0.02,-0.20,91.45,73
451700,0.012,0.005,0.02,-0.19,91.67,75
451800,0.006,0.005,0.02,-0.18,91.31,74
451900,0.006,0.005,0.02,-0.17,90.89,71
452000,0.012,0.005,0.02,-0.16,91.39,73
452100,0.006,0.005,0.02,-0.16,91.59,75
452200,0.006,0.005,0.02,-0.15,91.56,74
452300,0.006,0.005,0.02,-0.15,91.49,73
452400,0.000,0.005,0.02,-0.14,91.63,74
452500,0.006,0.000,0.02,-0.14,91.60,74
452600,0.006,0.005,0.02,-0.13,91.30,74
452700,0.006,0.011,0.02,-0.13,91.24,73
452800,0.006,0.005,0.02,-0.12,91.66,72
452900,0.006,0.005,0.02,-0.12,91.83,74
453000,0.006,0.005,0.02,-0.11,91.95,74
453100,0.006,0.011,0.02,-0.11,92.33,74
453200,0.006,0.005,0.02,-0.10,92.66,76
453300,0.000,0.005,0.01,-0.10,93.01,76
453400,0.000,0.000,0.01,-0.09,93.44,77
453500,0.006,0.005,0.01,-0.09,94.03,76
453600,0.000,0.005,0.01,-0.08,94.62,77
453700,0.006,0.005,0.01,-0.08,95.01,77
453800,0.006,0.011,0.01,-0.07,95.41,78
453900,0.006,0.011,0.01,-0.07,95.82,79
454000,0.006,0.005,0.01,-0.07,96.21,77
454100,0.006,0.011,0.01,-0.06,97.05,79
454200,0.000,0.005,0.01,-0.06,97.57,80
454300,0.006,0.005,0.01,-0.05,98.35,79
454400,0.000,0.005,0.01,-0.05,98.97,79
454500,0.000,0.005,0.01,-0.05,99.71,81
454600,0.006,0.005,0.01,-0.04,100.06,82
454700,0.000,0.005,0.01,-0.04,100.42,81
454800,0.000,0.005,0.01,-0.04,101.00,83
454900,0.000,0.000,0.01,-0.03,101.38,82
455000,0.000,0.005,0.01,-0.03,101.92,83
455100,0.000,0.005,0.01,-0.03,102.40,83
455200,0.006,0.000,0.01,-0.03,102.56,84
455300,0.006,0.000,0.01,-0.02,102.31,83
455400,0.000,0.000,0.00,-0.02,101.96,84
455500,0.006,0.000,0.00,-0.02,101.71,83
455600,0.000,0.000,0.00,-0.02,101.91,83
455700,0.000,0.005,0.00,-0.02,102.36,82
455800,0.000,0.000,0.00,-0.02,102.61,84
455900,0.000,0.000,0.00,-0.02,102.38,83
456000,0.000,0.000,0.00,-0.02,102.05,83
456100,0.000,0.000,0.00,-0.01,101.66,83
456200,0.000,0.005,0.00,-0.01,101.91,83
456300,0.000,0.000,0.00,-0.01,102.21,84
456400,0.000,0.000,0.00,-0.01,102.52,84
456500,0.000,0.000,0.00,-0.01,102.66,83
456600,0.006,0.000,0.00,-0.01,102.44,84