351400,0.018,-0.016,-0.00,0.00,-2.01,0
351500,0.018,-0.027,-0.00,0.00,-10.87,0
351600,0.023,-0.027,-0.00,0.00,-20.31,-7
351700,0.029,-0.021,-0.00,0.00,-29.64,-15
351800,0.029,-0.027,-0.00,0.00,-39.32,-25
351900,0.035,0.021,0.01,-0.01,-44.35,-34
352000,0.035,0.032,0.03,-0.03,-44.79,-38
352100,0.029,0.032,0.05,-0.05,-44.33,-35
352200,0.035,0.032,0.07,-0.07,-44.49,-35
352300,0.035,0.032,0.10,-0.10,-44.70,-35
352400,0.029,0.032,0.12,-0.12,-44.52,-35
352500,0.029,0.032,0.14,-0.14,-44.32,-35
352600,0.029,0.032,0.16,-0.16,-44.20,-35
352700,0.029,0.027,0.18,-0.18,-44.66,-34
352800,0.029,0.032,0.20,-0.20,-44.69,-32
352900,0.035,0.032,0.22,-0.22,-45.04,-34
353000,0.029,0.027,0.24,-0.24,-45.55,-35
353100,0.029,0.021,0.26,-0.26,-45.51,-35
353200,0.035,0.027,0.28,-0.28,-45.94,-36
353300,0.023,0.021,0.30,-0.30,-46.53,-34
353400,0.029,0.027,0.32,-0.32,-47.41,-37
353500,0.035,0.027,0.34,-0.34,-47.72,-36
353600,0.023,0.032,0.36,-0.36,-47.28,-35
353700,0.029,0.027,0.38,-0.38,-47.03,-37
353800,0.029,0.027,0.39,-0.40,-47.12,-37
353900,0.029,0.027,0.41,-0.42,-47.08,-35
354000,0.023,0.027,0.43,-0.44,-46.44,-38
354100,0.023,0.021,0.44,-0.45,-46.16,-38
354200,0.023,0.027,0.46,-0.47,-45.32,-31
354300,0.018,0.021,0.47,-0.48,-44.74,-33
354400,0.018,0.016,0.49,-0.50,-44.71,-36
354500,0.023,0.021,0.50,-0.51,-45.00,-37
354600,0.018,0.021,0.51,-0.52,-45.06,-38
354700,0.023,0.021,0.53,-0.54,-44.95,-30
354800,0.023,0.021,0.54,-0.55,-45.48,-36
354900,0.018,0.021,0.56,-0.57,-45.53,-37
355000,0.023,0.021,0.57,-0.58,-45.20,-37
355100,0.018,0.021,0.58,-0.59,-44.40,-37
355200,0.012,0.016,0.59,-0.61,-43.71,-32
355300,0.018,0.016,0.61,-0.62,-43.69,-34
355400,0.018,0.021,0.62,-0.63,-43.59,-36
355500,0.012,0.016,0.63,-0.64,-43.67,-36
355600,0.018,0.016,0.64,-0.65,-43.96,-33
355700,0.012,0.016,0.65,-0.66,-44.07,-32
355800,0.012,0.016,0.66,-0.67,-44.66,-30
355900,0.012,0.011,0.67,-0.68,-44.83,-37
356000,0.018,0.016,0.68,-0.69,-45.01,-38
356100,0.012,0.011,0.70,-0.70,-44.97,-38
356200,0.023,0.016,0.71,-0.72,-45.47,-39
356300,0.012,0.016,0.72,-0.73,-45.42,-32
356400,0.012,0.016,0.73,-0.74,-45.63,-39
356500,0.012,0.016,0.74,-0.75,-46.22,-39
356600,0.012,0.011,0.75,-0.76,-46.77,-38
356700,0.006,0.011,0.76,-0.77,-47.19,-40
356800,0.012,0.011,0.76,-0.77,-47.88,-40
356900,0.012,0.011,0.77,-0.78,-47.94,-40
357000,0.006,0.011,0.78,-0.79,-47.94,-40
357100,0.012,0.016,0.79,-0.80,-47.87,-34
357200,0.012,0.011,0.80,-0.81,-47.55,-40
357300,0.018,0.016,0.80,-0.82,-47.53,-41
357400,0.006,0.011,0.81,-0.83,-47.08,-40
357500,0.006,0.011,0.82,-0.83,-46.83,-40
357600,0.006,0.005,0.82,-0.84,-46.58,-39
357700,0.000,0.011,0.83,-0.85,-45.98,-41
357800,0.006,0.011,0.83,-0.85,-45.20,-38
357900,0.006,0.011,0.84,-0.86,-44.33,-38
358000,0.006,0.011,0.85,-0.86,-44.04,-38
358100,0.006,0.011,0.85,-0.87,-44.68,-37
358200,0.006,0.005,0.86,-0.87,-45.12,-39
358300,0.006,0.005,0.86,-0.88,-45.04,-38
358400,0.006,0.011,0.87,-0.88,-44.94,-38
358500,0.012,0.005,0.87,-0.89,-45.40,-38
358600,0.006,0.005,0.88,-0.89,-44.98,-38
358700,0.000,0.005,0.88,-0.90,-44.79,-38
358800,0.006,0.000,0.88,-0.90,-44.66,-38
358900,0.006,0.000,0.89,-0.90,-44.34,-31
359000,0.006,0.005,0.89,-0.91,-44.19,-38
359100,0.012,0.005,0.89,-0.91,-43.77,-27
359200,0.006,0.005,0.90,-0.91,-43.89,-34
359300,0.006,0.005,0.90,-0.92,-43.79,-37
359400,0.006,0.005,0.91,-0.92,-44.05,-38
359500,0.006,0.005,0.91,-0.93,-43.90,-29
359600,0.006,0.005,0.92,-0.93,-44.24,-35
359700,0.006,0.000,0.92,-0.94,-44.16,-38
359800,0.000,0.005,0.92,-0.94,-44.12,-35
359900,0.000,0.005,0.93,-0.94,-43.59,-37
360000,0.006,0.005,0.93,-0.95,-43.05,-37
360100,0.006,0.005,0.94,-0.95,-42.39,-37
360200,0.000,0.011,0.94,-0.95,-41.58,-36
360300,0.006,0.005,0.94,-0.96,-41.19,-34
360400,0.006,0.005,0.95,-0.96,-40.75,-35
360500,0.000,0.005,0.95,-0.96,-40.25,-35
360700,0.006,0.005,0.96,-0.97,-39.59,-30
360800,0.000,0.005,0.96,-0.97,-39.22,-35
360900,0.000,0.005,0.96,-0.97,-38.85,-33
361000,0.006,0.005,0.96,-0.97,-38.40,-32
361100,0.000,0.005,0.97,-0.98,-37.98,-33
361200,0.000,0.005,0.97,-0.98,-37.21,-33
361300,0.006,0.005,0.97,-0.98,-36.89,-32
361400,0.000,0.005,0.97,-0.98,-36.15,-32
361500,0.006,0.005,0.98,-0.98,-35.51,-31
361600,0.000,0.005,0.98,-0.98,-35.02,-30
361700,0.006,0.000,0.98,-0.99,-34.71,-29
361800,0.006,0.000,0.98,-0.99,-34.73,-29
361900,0.000,0.000,0.99,-0.99,-34.61,-30
362000,0.000,0.000,0.99,-0.99,-34.78,-30
362100,0.000,0.000,0.99,-0.99,-34.78,-30
362200,0.000,0.000,0.99,-0.99,-35.23,-31
362300,0.000,0.005,0.99,-0.99,-35.35,-31
362400,0.000,0.000,0.99,-0.99,-35.10,-31
362500,0.000,0.005,0.99,-0.99,-34.84,-29
362600,0.000,0.000,0.99,-0.99,-34.59,-30
362700,0.000,0.000,0.99,-0.99,-34.54,-30
362800,0.000,0.000,0.99,-0.99,-34.71,-30
362900,0.000,0.000,0.99,-0.99,-34.82,-31
363000,0.000,0.000,0.99,-0.99,-34.93,-31
363100,0.000,0.000,0.99,-0.99,-35.05,-31
363200,0.000,0.000,0.99,-0.99,-35.05,-31
363300,0.000,0.000,0.99,-0.99,-35.00,-30
363400,0.000,0.000,0.99,-0.99,-34.89,-31
363500,0.000,0.000,0.99,-0.99,-34.74,-31
363600,0.000,0.000,0.99,-0.99,-34.74,-30
363700,0.000,0.000,0.99,-0.99,-34.74,-30
363800,0.000,0.000,0.99,-0.99,-34.74,-31
363900,0.000,0.000,0.99,-0.99,-34.74,-31
364000,0.000,0.000,0.99,-0.99,-34.74,-31
364100,0.000,0.000,0.99,-0.99,-34.74,-31
364200,0.000,0.000,0.99,-0.99,-34.74,-30
364300,0.000,0.000,0.99,-0.99,-34.74,-31
364400,0.000,0.000,0.99,-0.99,-34.74,-31
364500,0.000,0.000,0.99,-0.99,-34.74,-31
364600,0.000,0.000,0.99,-0.99,-34.74,-31
364700,0.000,0.000,0.99,-0.99,-34.74,-30
364800,0.000,0.000,0.99,-0.99,-34.74,-31
364900,0.000,0.000,0.99,-0.99,-34.74,-31
365000,0.000,0.000,0.99,-0.99,-34.74,-30
365100,0.000,0.000,0.99,-0.99,-34.74,-31
365200,0.000,0.000,0.99,-0.99,-34.74,-31
365300,0.000,0.000,0.99,-0.99,-34.74,-31
365400,0.000,0.000,0.99,-0.99,-34.74,-31
365500,0.000,0.000,0.99,-0.99,-34.74,-31
365600,0.000,0.000,0.99,-0.99,-34.74,-30
365700,0.000,0.000,0.99,-0.99,-34.74,-31
365800,0.000,0.000,0.99,-0.99,-34.74,-30
365900,0.000,0.000,0.99,-0.99,-34.74,-30
366000,0.000,0.000,0.99,-0.99,-34.74,-30
366100,0.000,0.000,0.99,-0.99,-34.74,-31
366200,0.000,0.000,0.99,-0.99,-34.74,-30
366300,0.000,0.000,0.99,-0.99,-34.74,-31
366400,0.000,0.000,0.99,-0.99,-34.74,-31
366500,0.000,0.000,0.99,-0.99,-34.74,-31
366600,0.000,0.000,0.99,-0.99,-34.74,-30
366700,0.000,0.000,0.99,-0.99,-34.74,-31
366800,0.000,0.000,0.99,-0.99,-34.74,-31
366900,0.000,0.000,0.99,-0.99,-34.74,-31
367000,0.000,0.000,0.99,-0.99,-34.74,-31
367100,0.000,0.000,0.99,-0.99,-34.74,-31
367200,0.000,0.000,0.99,-0.99,-34.74,-30
367300,0.000,0.000,0.99,-0.99,-34.74,-30
367400,0.000,0.000,0.99,-0.99,-34.74,-31
367500,0.000,0.000,0.99,-0.99,-34.74,-30
367600,0.000,0.000,0.99,-0.99,-34.74,-30
367700,0.000,0.000,0.99,-0.99,-34.74,-31
367800,0.000,0.000,0.99,-0.99,-34.74,-31
367900,0.000,0.000,0.99,-0.99,-34.74,-31
368000,0.000,0.000,0.99,-0.99,-34.74,-31
368100,0.000,0.000,0.99,-0.99,-34.74,-31
368200,0.000,0.000,0.99,-0.99,-34.74,-30
368300,0.000,0.000,0.99,-0.99,-34.74,-31
368400,0.000,0.000,0.99,-0.99,-34.74,-31
368500,0.000,0.000,0.99,-0.99,-34.74,-30
368600,0.000,0.000,0.99,-0.99,-34.74,-30
368700,0.000,0.000,0.99,-0.99,-34.74,-31
368800,0.000,0.000,0.99,-0.99,-34.74,-31
368900,0.000,0.000,0.99,-0.99,-34.74,-31
369000,0.000,0.000,0.99,-0.99,-34.74,-30
369100,0.000,0.000,0.99,-0.99,-34.74,-31
369200,0.000,0.000,0.99,-0.99,-34.74,-31
369300,0.000,0.000,0.99,-0.99,-34.74,-31
369400,0.000,0.000,0.99,-0.99,-34.74,-31
369500,0.000,0.000,0.99,-0.99,-34.74,-31
369600,0.000,0.000,0.99,-0.99,-34.74,-30
369700,0.000,0.000,0.99,-0.99,-34.74,-31
369800,0.000,0.000,0.99,-0.99,-34.74,-30
369900,0.000,0.000,0.99,-0.99,-34.74,-30
370000,0.000,0.000,0.99,-0.99,-34.74,-30
370100,0.000,0.000,0.99,-0.99,-34.74,-31
370200,0.000,0.000,0.99,-0.99,-34.74,-31
370300,0.000,0.000,0.99,-0.99,-34.74,-31
370400,0.000,0.000,0.99,-0.99,-34.74,-30
370500,0.000,0.000,0.99,-0.99,-34.74,-31
370600,0.000,0.000,0.99,-0.99,-34.74,-31
370700,0.000,0.000,0.99,-0.99,-34.74,-31
370800,0.000,0.000,0.99,-0.99,-34.74,-30
370900,0.000,0.000,0.99,-0.99,-34.74,-31
371000,0.000,0.000,0.99,-0.99,-34.74,-31
371100,0.000,0.000,0.99,-0.99,-34.74,-30
371200,0.000,0.000,0.99,-0.99,-34.74,-30
371300,0.000,0.000,0.99,-0.99,-34.74,-31
371400,0.000,0.000,0.99,-0.99,-34.74,-30
371500,0.000,0.000,0.99,-0.99,-34.74,-31
371600,0.000,0.000,0.99,-0.99,-34.74,-30
371700,0.000,0.000,0.99,-0.99,-34.74,-30
371800,0.000,0.000,0.99,-0.99,-34.74,-30
371900,0.000,0.000,0.99,-0.99,-34.74,-31
372000,0.000,0.000,0.99,-0.99,-34.74,-31
372100,0.000,0.000,0.99,-0.99,-34.74,-30
372200,0.000,0.000,0.99,-0.99,-34.74,-30
372300,0.000,0.000,0.99,-0.99,-34.74,-30
372400,0.000,0.000,0.99,-0.99,-34.74,-30
372500,0.000,0.000,0.99,-0.99,-34.74,-31
372600,0.000,0.000,0.99,-0.99,-34.74,-30
372700,0.000,0.000,0.99,-0.99,-34.74,-31
372800,0.000,0.000,0.99,-0.99,-34.74,-31
372900,0.000,0.000,0.99,-0.99,-34.74,-31
373000,0.000,0.000,0.99,-0.99,-34.74,-31
373100,0.000,0.000,0.99,-0.99,-34.74,-31
373200,0.000,0.000,0.99,-0.99,-34.74,-31
373300,0.000,0.000,0.99,-0.99,-34.74,-30
373400,0.000,0.000,0.99,-0.99,-34.74,-31
373500,0.000,0.000,0.99,-0.99,-34.74,-30
373600,0.000,0.000,0.99,-0.99,-34.74,-31
373700,0.000,0.000,0.99,-0.99,-34.74,-30
373800,0.000,0.000,0.99,-0.99,-34.74,-30
373900,0.000,0.000,0.99,-0.99,-34.74,-31
374000,0.000,0.000,0.99,-0.99,-34.74,-30
374100,0.000,0.000,0.99,-0.99,-34.74,-31
374200,0.000,0.000,0.99,-0.99,-34.74,-31
374300,0.000,0.000,0.99,-0.99,-34.74,-30
374400,0.000,0.000,0.99,-0.99,-34.74,-30
374500,0.000,0.000,0.99,-0.99,-34.74,-31
374600,0.000,0.000,0.99,-0.99,-34.74,-31
374700,0.000,0.000,0.99,-0.99,-34.74,-30
374800,0.000,0.000,0.99,-0.99,-34.74,-31
374900,0.000,0.000,0.99,-0.99,-34.74,-31
375000,0.000,0.000,0.99,-0.99,-34.74,-31
375100,0.000,0.000,0.99,-0.99,-34.74,-31
375200,0.000,0.000,0.99,-0.99,-34.74,-31
375300,0.000,0.000,0.99,-0.99,-34.74,-31
375400,0.000,0.000,0.99,-0.99,-34.74,-30
375500,0.000,0.000,0.99,-0.99,-34.74,-31
375600,0.000,0.000,0.99,-0.99,-34.74,-30
375700,0.000,0.000,0.99,-0.99,-34.74,-31
375800,0.000,0.000,0.99,-0.99,-34.74,-31
375900,0.000,0.000,0.99,-0.99,-34.74,-31
376000,0.000,0.000,0.99,-0.99,-34.74,-31
376100,0.000,0.000,0.99,-0.99,-34.74,-31
376200,0.000,0.000,0.99,-0.99,-34.74,-30
376300,0.000,0.000,0.99,-0.99,-34.74,-30
376400,0.000,0.000,0.99,-0.99,-34.74,-31
376500,0.000,0.000,0.99,-0.99,-34.74,-30
376600,0.000,0.000,0.99,-0.99,-34.74,-31
376700,0.000,0.000,0.99,-0.99,-34.74,-30
376800,0.000,0.000,0.99,-0.99,-34.74,-31
376900,0.000,0.000,0.99,-0.99,-34.74,-31
377000,0.000,0.000,0.99,-0.99,-34.74,-30
377100,0.000,0.000,0.99,-0.99,-34.74,-30
377200,0.000,0.000,0.99,-0.99,-34.74,-30
377300,0.000,0.000,0.99,-0.99,-34.74,-30
377400,0.000,0.000,0.99,-0.99,-34.74,-31
377500,0.000,0.000,0.99,-0.99,-34.74,-31
377600,0.000,0.000,0.99,-0.99,-34.74,-31
377700,0.000,0.000,0.99,-0.99,-34.74,-30
377800,0.000,0.000,0.99,-0.99,-34.74,-30
377900,0.000,0.000,0.99,-0.99,-34.74,-30
378000,0.000,0.000,0.99,-0.99,-34.74,-30
378100,0.000,0.000,0.99,-0.99,-34.74,-30
378200,0.000,0.000,0.99,-0.99,-34.74,-30
378300,0.000,0.000,0.99,-0.99,-34.74,-31
378400,0.000,0.000,0.99,-0.99,-34.74,-30
378500,0.000,0.000,0.99,-0.99,-34.74,-30
378600,0.000,0.000,0.99,-0.99,-34.74,-31
378700,0.000,0.000,0.99,-0.99,-34.74,-31
378800,0.000,0.000,0.99,-0.99,-34.74,-31
378900,0.000,0.000,0.99,-0.99,-34.74,-31
379000,0.000,0.000,0.99,-0.99,-34.74,-30
379100,0.000,0.000,0.99,-0.99,-34.74,-30
379200,0.000,0.000,0.99,-0.99,-34.74,-30
379300,0.000,0.000,0.99,-0.99,-34.74,-31
379400,0.000,0.000,0.99,-0.99,-34.74,-31
379500,0.000,0.000,0.99,-0.99,-34.74,-31
379600,0.000,0.000,0.99,-0.99,-34.74,-30
379700,0.000,0.000,0.99,-0.99,-34.74,-31
379800,0.000,0.000,0.99,-0.99,-34.74,-30
379900,0.000,0.000,0.99,-0.99,-34.74,-30
380000,0.000,0.000,0.99,-0.99,-34.74,-30
380100,0.000,0.000,0.99,-0.99,-34.74,-30
380200,0.000,0.000,0.99,-0.99,-34.74,-31
380300,0.000,0.000,0.99,-0.99,-34.74,-30
380400,0.000,0.000,0.99,-0.99,-34.74,-30
380500,0.000,0.000,0.99,-0.99,-34.74,-30
380600,0.000,0.000,0.99,-0.99,-34.74,-29
380700,0.000,0.000,0.99,-0.99,-34.74,-29
380800,0.000,0.000,0.99,-0.99,-34.74,-29
380900,0.000,0.000,0.99,-0.99,-34.74,-28
381000,0.000,0.000,0.99,-0.99,-34.74,-29
381100,0.000,0.000,0.99,-0.99,-34.74,-28
381200,0.000,0.000,0.99,-0.99,-34.74,-29
381300,0.000,0.000,0.99,-0.99,-34.74,-28
381400,0.000,0.000,0.99,-0.99,-34.74,-28
381500,0.000,0.000,0.99,-0.99,-34.74,-28
381600,0.000,0.000,0.99,-0.99,-34.74,-28
381700,0.000,0.000,0.99,-0.99,-34.74,-29
381800,0.000,0.000,0.99,-0.99,-34.74,-29
381900,0.000,0.000,0.99,-0.99,-34.74,-30
382000,0.000,0.000,0.99,-0.99,-34.74,-30
382100,0.000,0.000,0.99,-0.99,-34.74,-31
382200,0.000,0.000,0.99,-0.99,-34.74,-30
382300,0.000,0.000,0.99,-0.99,-34.74,-30
382400,0.000,0.000,0.99,-0.99,-34.74,-31
382500,0.000,0.000,0.99,-0.99,-34.74,-30
382600,0.000,0.000,0.99,-0.99,-34.74,-30
382700,0.000,0.000,0.99,-0.99,-34.74,-30
382800,0.000,0.000,0.99,-0.99,-34.74,-29
382900,0.000,0.000,0.99,-0.99,-34.74,-29
383000,0.000,0.000,0.99,-0.99,-34.74,-29
383100,0.000,0.000,0.99,-0.99,-34.74,-29
383200,0.000,0.000,0.99,-0.99,-34.74,-29
383300,0.000,0.000,0.99,-0.99,-34.74,-29
383400,0.000,0.000,0.99,-0.99,-34.74,-29
383500,0.000,0.000,0.99,-0.99,-34.74,-29
383600,0.000,0.000,0.99,-0.99,-34.74,-30
383700,0.000,0.000,0.99,-0.99,-34.74,-31
383800,0.000,0.000,0.99,-0.99,-34.74,-31
383900,0.000,0.000,0.99,-0.99,-34.74,-31
384000,0.000,0.000,0.99,-0.99,-34.74,-31
384100,0.000,0.000,0.99,-0.99,-34.74,-29
384200,0.000,0.000,0.99,-0.99,-34.74,-29
384300,0.000,0.000,0.99,-0.99,-34.74,-29
384400,0.000,0.000,0.99,-0.99,-34.74,-29
384500,0.000,0.000,0.99,-0.99,-34.74,-29
384600,0.000,0.000,0.99,-0.99,-34.74,-28
384700,0.000,0.000,0.99,-0.99,-34.74,-29
384800,0.000,0.000,0.99,-0.99,-34.74,-29
384900,0.000,0.000,0.99,-0.99,-34.74,-28
385000,0.000,0.000,0.99,-0.99,-34.74,-28
385100,0.000,0.000,0.99,-0.99,-34.74,-29
385200,0.000,0.000,0.99,-0.99,-34.74,-28
385300,0.000,0.000,0.99,-0.99,-34.74,-28
385400,0.000,0.000,0.99,-0.99,-34.74,-28
385500,0.000,0.000,0.99,-0.99,-34.74,-27
385600,0.000,0.000,0.99,-0.99,-34.74,-27
385700,0.000,0.000,0.99,-0.99,-34.74,-28
385800,0.000,0.000,0.99,-0.99,-34.74,-28
385900,0.000,0.000,0.99,-0.99,-34.74,-28
386000,0.000,0.000,0.99,-0.99,-34.74,-28
386100,0.000,0.000,0.99,-0.99,-34.74,-28
386200,0.000,0.000,0.99,-0.99,-34.74,-28
386300,0.000,0.000,0.99,-0.99,-34.74,-28
386400,0.000,0.000,0.99,-0.99,-34.74,-28
386500,0.000,0.000,0.99,-0.99,-34.74,-28
386600,0.000,0.000,0.99,-0.99,-34.74,-28
386700,0.000,0.000,0.99,-0.99,-34.74,-28
386800,0.000,0.000,0.99,-0.99,-34.74,-28
386900,0.000,0.000,0.99,-0.99,-34.74,-28
387000,0.000,0.000,0.99,-0.99,-34.74,-28
387100,0.000,0.000,0.99,-0.99,-34.74,-28
387200,0.000,0.000,0.99,-0.99,-34.74,-28
387300,0.000,0.000,0.99,-0.99,-34.74,-28
387400,0.000,0.000,0.99,-0.99,-34.74,-28
387500,0.000,0.000,0.99,-0.99,-34.74,-30
387600,0.000,0.000,0.99,-0.99,-34.74,-30
387700,0.000,0.000,0.99,-0.99,-34.74,-31
387800,0.000,0.000,0.99,-0.99,-34.74,-30
387900,0.000,0.000,0.99,-0.99,-34.74,-31
388000,0.000,0.000,0.99,-0.99,-34.74,-30
388100,0.000,0.000,0.99,-0.99,-34.74,-31
388200,0.000,0.000,0.99,-0.99,-34.74,-31
388300,0.000,0.000,0.99,-0.99,-34.74,-31
388400,0.000,0.000,0.99,-0.99,-34.74,-31
388500,0.000,0.000,0.99,-0.99,-34.74,-31
388600,0.000,0.000,0.99,-0.99,-34.74,-30
388700,0.000,0.000,0.99,-0.99,-34.74,-31
388800,0.000,0.000,0.99,-0.99,-34.74,-31
388900,0.000,0.000,0.99,-0.99,-34.74,-31
389000,0.000,0.000,0.99,-0.99,-34.74,-31
389100,0.000,0.000,0.99,-0.99,-34.74,-31
389200,0.000,0.000,0.99,-0.99,-34.74,-31
389300,0.000,0.000,0.99,-0.99,-34.74,-31
389400,0.000,0.000,0.99,-0.99,-34.74,-31
389500,0.000,0.000,0.99,-0.99,-34.74,-31
389600,0.000,0.000,0.99,-0.99,-34.74,-31
389700,0.000,0.000,0.99,-0.99,-34.74,-30
389800,0.000,0.000,0.99,-0.99,-34.74,-30
389900,0.000,0.000,0.99,-0.99,-34.74,-30
390000,0.000,0.000,0.99,-0.99,-34.74,-31
390100,0.000,0.000,0.99,-0.99,-34.74,-31
390200,0.000,0.000,0.99,-0.99,-34.74,-31
390300,0.000,0.000,0.99,-0.99,-34.74,-31
390400,0.000,0.000,0.99,-0.99,-34.74,-30
390500,0.000,0.000,0.99,-0.99,-34.74,-31
390600,0.000,0.000,0.99,-0.99,-34.74,-30
390700,0.000,0.000,0.99,-0.99,-34.74,-31
390800,0.000,0.000,0.99,-0.99,-34.74,-31
390900,0.000,0.000,0.99,-0.99,-34.74,-31
391000,0.000,0.000,0.99,-0.99,-34.74,-31
391100,0.000,0.000,0.99,-0.99,-34.74,-30
391200,0.000,0.000,0.99,-0.99,-34.74,-30
391300,0.000,0.000,0.99,-0.99,-34.74,-31
391400,0.000,0.000,0.99,-0.99,-34.74,-30
391500,0.000,0.000,0.99,-0.99,-34.74,-31
391600,0.000,0.000,0.99,-0.99,-34.74,-30
391700,0.000,0.000,0.99,-0.99,-34.74,-30
391800,0.000,0.000,0.99,-0.99,-34.74,-30
391900,0.000,0.000,0.99,-0.99,-34.74,-29
392000,0.000,0.000,0.99,-0.99,-34.74,-29
392100,0.000,0.000,0.99,-0.99,-34.74,-30
392200,0.000,0.000,0.99,-0.99,-34.74,-30
392300,0.000,0.000,0.99,-0.99,-34.74,-30
392400,0.000,0.000,0.99,-0.99,-34.74,-30
392500,0.000,0.000,0.99,-0.99,-34.74,-30
392600,0.000,0.000,0.99,-0.99,-34.74,-30
392700,0.000,0.000,0.99,-0.99,-34.74,-30
392800,0.000,0.000,0.99,-0.99,-34.74,-30
392900,0.000,0.000,0.99,-0.99,-34.74,-30
393000,0.000,0.000,0.99,-0.99,-34.74,-30
393100,0.000,0.000,0.99,-0.99,-34.74,-30
393200,0.000,0.000,0.99,-0.99,-34.74,-30
393300,0.000,0.000,0.99,-0.99,-34.74,-31
393400,0.000,0.000,0.99,-0.99,-34.74,-31
393500,0.000,0.000,0.99,-0.99,-34.74,-30
393600,0.000,0.000,0.99,-0.99,-34.74,-30
393700,0.000,0.000,0.99,-0.99,-34.74,-31
393800,0.000,0.000,0.99,-0.99,-34.74,-30
393900,0.000,0.000,0.99,-0.99,-34.74,-31
394000,0.000,0.000,0.99,-0.99,-34.74,-31
394100,0.000,0.000,0.99,-0.99,-34.74,-30
394200,0.000,0.000,0.99,-0.99,-34.74,-30
394300,0.000,0.000,0.99,-0.99,-34.74,-30
394400,0.000,0.000,0.99,-0.99,-34.74,-30
394500,0.000,0.000,0.99,-0.99,-34.74,-30
394600,0.000,0.000,0.99,-0.99,-34.74,-29
394700,0.000,0.000,0.99,-0.99,-34.74,-30
394800,0.000,0.000,0.99,-0.99,-34.74,-30
394900,0.000,0.000,0.99,-0.99,-34.74,-30
395000,0.000,0.000,0.99,-0.99,-34.74,-30
395100,0.000,0.000,0.99,-0.99,-34.74,-30
395200,0.000,0.000,0.99,-0.99,-34.74,-30
395300,0.000,0.000,0.99,-0.99,-34.74,-29
395400,0.000,0.000,0.99,-0.99,-34.74,-29
395500,0.000,0.000,0.99,-0.99,-34.74,-30
395600,0.000,0.000,0.99,-0.99,-34.74,-30
395700,0.000,0.000,0.99,-0.99,-34.74,-29
395800,0.000,0.000,0.99,-0.99,-34.74,-29
395900,0.000,0.000,0.99,-0.99,-34.74,-29
396000,0.000,0.000,0.99,-0.99,-34.74,-29
396100,0.000,0.000,0.99,-0.99,-34.74,-29
396200,0.000,0.000,0.99,-0.99,-34.74,-28
396300,0.000,0.000,0.99,-0.99,-34.74,-28
396400,0.000,0.000,0.99,-0.99,-34.74,-28
396500,0.000,0.000,0.99,-0.99,-34.74,-28
396600,0.000,0.000,0.99,-0.99,-34.74,-28
396700,0.000,0.000,0.99,-0.99,-34.74,-29
396800,0.000,0.000,0.99,-0.99,-34.74,-29
396900,0.000,0.000,0.99,-0.99,-34.74,-30
397000,0.000,0.000,0.99,-0.99,-34.74,-30
397100,0.000,0.000,0.99,-0.99,-34.74,-29
397200,0.000,0.000,0.99,-0.99,-34.74,-29
397300,0.000,0.000,0.99,-0.99,-34.74,-29
397400,0.000,0.000,0.99,-0.99,-34.74,-28
397500,0.000,0.000,0.99,-0.99,-34.74,-26
397600,0.000,0.000,0.99,-0.99,-34.74,-26
397700,0.000,0.000,0.99,-0.99,-34.74,-26
397800,0.000,0.000,0.99,-0.99,-34.74,-30
397900,0.000,0.000,0.99,-0.99,-34.74,-31
398000,0.000,0.000,0.99,-0.99,-34.74,-30
398100,0.000,0.000,0.99,-0.99,-34.74,-31
398200,0.000,0.000,0.99,-0.99,-34.74,-31
398300,0.000,0.000,0.99,-0.99,-34.74,-31
398400,0.000,0.000,0.99,-0.99,-34.74,-31
398500,0.000,0.000,0.99,-0.99,-34.74,-31
398600,0.000,0.000,0.99,-0.99,-34.74,-31
398700,0.000,0.000,0.99,-0.99,-34.74,-31
398800,0.000,0.000,0.99,-0.99,-34.74,-31
398900,0.000,0.000,0.99,-0.99,-34.74,-31
399000,0.000,0.000,0.99,-0.99,-34.74,-30
399100,0.000,0.000,0.99,-0.99,-34.74,-30
399200,0.000,0.000,0.99,-0.99,-34.74,-30
399300,0.000,0.000,0.99,-0.99,-34.74,-30
399400,0.000,0.000,0.99,-0.99,-34.74,-31
399500,0.000,0.000,0.99,-0.99,-34.74,-31
399600,0.000,0.000,0.99,-0.99,-34.74,-30
399700,0.000,0.000,0.99,-0.99,-34.74,-31
399800,0.000,0.000,0.99,-0.99,-34.74,-31
399900,0.000,0.000,0.99,-0.99,-34.74,-30
400000,0.000,0.000,0.99,-0.99,-34.74,-31
400100,0.000,0.000,0.99,-0.99,-34.74,-31
400200,0.000,0.000,0.99,-0.99,-34.74,-31
400300,0.000,0.000,0.99,-0.99,-34.74,-31
400400,0.000,0.000,0.99,-0.99,-34.74,-31
400500,0.000,0.000,0.99,-0.99,-34.74,-30
400600,0.000,0.000,0.99,-0.99,-34.74,-30
400700,0.000,0.000,0.99,-0.99,-34.74,-31
400800,0.000,0.000,0.99,-0.99,-34.74,-31
400900,0.000,0.000,0.99,-0.99,-34.74,-30
401000,0.000,0.000,0.99,-0.99,-34.74,-31
401100,0.000,0.000,0.99,-0.99,-34.74,-30
401200,0.000,0.000,0.99,-0.99,-34.74,-31
401400,0.000,0.000,0.99,-0.99,-34.74,-30
401500,0.000,0.000,0.99,-0.99,-34.74,-31
401600,0.000,0.000,0.99,-0.99,-34.74,-30
401700,0.000,0.000,0.99,-0.99,-34.74,-30
401800,0.000,0.000,0.99,-0.99,-34.74,-30
401900,0.000,0.000,0.99,-0.99,-34.74,-31
402000,0.000,0.000,0.99,-0.99,-34.74,-31
402100,0.000,0.000,0.99,-0.99,-34.74,-30
402200,0.000,0.000,0.99,-0.99,-34.74,-30
402300,0.000,0.000,0.99,-0.99,-34.74,-31
402400,0.000,0.000,0.99,-0.99,-34.74,-31
402500,0.000,0.000,0.99,-0.99,-34.74,-30
402600,0.000,0.000,0.99,-0.99,-34.74,-30
402700,0.000,0.000,0.99,-0.99,-34.74,-31
402800,0.000,0.000,0.99,-0.99,-34.74,-31
402900,0.000,0.000,0.99,-0.99,-34.74,-31
403000,0.000,0.000,0.99,-0.99,-34.74,-30
403100,0.000,0.000,0.99,-0.99,-34.74,-31
403200,0.000,0.000,0.99,-0.99,-34.74,-30
403300,0.000,0.000,0.99,-0.99,-34.74,-31
403400,0.000,0.000,0.99,-0.99,-34.74,-30
403500,0.000,0.000,0.99,-0.99,-34.74,-30
403600,0.000,0.000,0.99,-0.99,-34.74,-30
403700,0.000,0.000,0.99,-0.99,-34.74,-31
403800,0.000,0.000,0.99,-0.99,-34.74,-30
403900,0.000,0.000,0.99,-0.99,-34.74,-29
404000,0.000,0.000,0.99,-0.99,-34.74,-30
404100,0.000,0.000,0.99,-0.99,-34.74,-31
404200,0.000,0.000,0.99,-0.99,-34.74,-30
404300,0.000,0.000,0.99,-0.99,-34.74,-30
404400,0.000,0.000,0.99,-0.99,-34.74,-30
404500,0.000,0.000,0.99,-0.99,-34.74,-31
404600,0.000,0.000,0.99,-0.99,-34.74,-31
404700,0.000,0.000,0.99,-0.99,-34.74,-30
404800,0.000,0.000,0.99,-0.99,-34.74,-31
404900,0.000,0.000,0.99,-0.99,-34.74,-31
405000,0.000,0.000,0.99,-0.99,-34.74,-31
405100,0.000,0.000,0.99,-0.99,-34.74,-31
405200,0.000,0.000,0.99,-0.99,-34.74,-31
405300,0.000,0.000,0.99,-0.99,-34.74,-30
405400,0.000,0.000,0.99,-0.99,-34.74,-31
405500,0.000,0.000,0.99,-0.99,-34.74,-31
405600,0.000,0.000,0.99,-0.99,-34.74,-30
405700,0.000,0.000,0.99,-0.99,-34.74,-30
405800,0.000,0.000,0.99,-0.99,-34.74,-30
405900,0.000,0.000,0.99,-0.99,-34.74,-30
406000,0.000,0.000,0.99,-0.99,-34.74,-31
406100,0.000,0.000,0.99,-0.99,-34.74,-30
406200,0.000,0.000,0.99,-0.99,-34.74,-31
406300,0.000,0.000,0.99,-0.99,-34.74,-31
406400,0.000,0.000,0.99,-0.99,-34.74,-30
